Abell 1703 ,15.0483446785,0.969811117534,0.068919704764,0.05881724846
GHO132029+3155 ,14.4720246977,1.34622560185,0.0746509274874,0.0934887284515
SDSSJ1531+3414 ,14.718916686,1.06136623366,0.104458452722,0.0686653144016
SDSSJ1621+0607 ,14.7906369619,0.895650131851,0.130727125506,0.0918361774744
SDSSJ1152+3313 ,14.0663259254,1.59156692876,0.264497854077,0.225648207901
SDSSJ0851+3331 ,14.8049908235,1.15437984144,0.115937328633,0.104176668267
SDSSJ0915+3826 ,13.98788961,1.5990496387,0.171814910026,0.181475646211
SDSSJ1343+4155 ,14.6004283257,0.898893766987,0.152471769134,0.104470693512
SDSSJ1038+4849 ,14.0170333393,1.52829404377,0.133538461538,0.19868107192
SDSSJ1226+2149 ,14.9656719712,0.933008059492,0.134333333333,0.102822938468
SDSSJ1329+2243 ,14.7594789799,0.944418140079,0.0977868638538,0.0708208282083
SDSSJ0957+0509 ,14.1673173347,1.1916717387,0.215523809524,0.134393480792
SDSSJ1138+2754 ,15.0227375876,0.81704598797,0.0809309608541,0.0542200110558
SDSSJ1446+3032 ,14.630427875,1.35482078936,0.110786885246,0.17107388844
SDSSJ1115+5319 ,15.0343275945,0.917990209898,0.116094248094,0.0956759628154
RCS2J1055+5548 ,14.6963563887,1.0489430117,0.103915492958,0.0710543549443
SDSSJ1456+5702 ,14.4416951356,1.63161735064,0.127139240506,0.156060999913
SDSSJ1632+3500 ,14.625312451,1.23113749837,0.146037914692,0.151724349158
SDSSJ1152+0930 ,14.7929167282,0.754437402822,0.157659283125,0.0915514018692
SDSSJ1209+2640 ,14.8003733549,1.10215592225,0.112709422011,0.0760370141888
SDSSJ1029+2623 ,14.3211840273,1.37966585984,0.128439140811,0.196888154634
SDSSJ1315+5439 ,14.660865478,1.4631235618,0.144034934498,0.203446767801
SDSSJ1050+0017 ,14.8500332577,1.16967443406,0.110951977401,0.163263870095
SDSSJ1420+3955 ,14.9011857801,0.889513194443,0.124233521657,0.103440414508
SDSSJ2111-0114 ,14.7495430811,0.988465756379,0.168809968847,0.174476030278
SDSSJ1110+6459 ,14.5247205857,1.59422808408,0.218458551158,0.303506756757
SDSSJ1004+4112 ,14.4690852991,1.39776625613,0.282947368421,0.218823529412
